# R script for Peak Model
#  -- generated by MACS
p <- c(0.0135974255541,0.0140094687527,0.0152455983485,0.0160696847457,0.0164817279444,0.0173058143416,0.0177178575402,0.0185419439374,0.018953987136,0.0197780735332,0.0206021599304,0.0222503327249,0.0230744191221,0.0247225919165,0.0267828079096,0.0276068943068,0.028430980704,0.0288430239026,0.0292550671012,0.0296671102998,0.0288430239026,0.0271948511082,0.0288430239026,0.0292550671012,0.028430980704,0.0276068943068,0.028430980704,0.0276068943068,0.0280189375054,0.0276068943068,0.0280189375054,0.0280189375054,0.0276068943068,0.0271948511082,0.026370764711,0.0267828079096,0.0271948511082,0.0276068943068,0.026370764711,0.0267828079096,0.0271948511082,0.0267828079096,0.0288430239026,0.028430980704,0.028430980704,0.0276068943068,0.0267828079096,0.0259587215124,0.0255466783138,0.0251346351151,0.0247225919165,0.0243105487179,0.0247225919165,0.0243105487179,0.0234864623207,0.0251346351151,0.0259587215124,0.026370764711,0.0251346351151,0.0247225919165,0.0251346351151,0.0267828079096,0.0271948511082,0.0288430239026,0.028430980704,0.028430980704,0.0280189375054,0.0288430239026,0.0292550671012,0.0313152830943,0.0329634558887,0.0321393694915,0.0313152830943,0.0317273262929,0.0333754990873,0.0333754990873,0.0333754990873,0.0346116286832,0.0329634558887,0.0329634558887,0.0341995854845,0.0350236718818,0.0362598014776,0.0362598014776,0.0362598014776,0.0362598014776,0.0346116286832,0.035847758279,0.0350236718818,0.0362598014776,0.035847758279,0.0350236718818,0.0354357150804,0.035847758279,0.0354357150804,0.0362598014776,0.0366718446762,0.0362598014776,0.0354357150804,0.0354357150804,0.0362598014776,0.0366718446762,0.0374959310734,0.0374959310734,0.0374959310734,0.0362598014776,0.0341995854845,0.0350236718818,0.035847758279,0.0362598014776,0.0350236718818,0.0354357150804,0.0362598014776,0.0354357150804,0.0350236718818,0.0362598014776,0.035847758279,0.035847758279,0.0354357150804,0.0362598014776,0.0362598014776,0.0354357150804,0.0370838878748,0.0370838878748,0.0374959310734,0.037907974272,0.0383200174706,0.0383200174706,0.0383200174706,0.0391441038678,0.0399681902651,0.0399681902651,0.0399681902651,0.0403802334637,0.0412043198609,0.0407922766623,0.0399681902651,0.0399681902651,0.0395561470665,0.0395561470665,0.0395561470665,0.0391441038678,0.0403802334637,0.0399681902651,0.0412043198609,0.0407922766623,0.0420284062581,0.0412043198609,0.0412043198609,0.0416163630595,0.0428524926553,0.0420284062581,0.0428524926553,0.0436765790525,0.0432645358539,0.0424404494567,0.0428524926553,0.0432645358539,0.0428524926553,0.0416163630595,0.0420284062581,0.0407922766623,0.0420284062581,0.0424404494567,0.0416163630595,0.0407922766623,0.0399681902651,0.0391441038678,0.0383200174706,0.037907974272,0.0383200174706,0.0387320606692,0.0391441038678,0.0395561470665,0.0383200174706,0.0383200174706,0.0407922766623,0.0412043198609,0.0407922766623,0.0407922766623,0.0395561470665,0.0383200174706,0.0383200174706,0.0395561470665,0.037907974272,0.0387320606692,0.0374959310734,0.0366718446762,0.0354357150804,0.0346116286832,0.0350236718818,0.0350236718818,0.0350236718818,0.0346116286832,0.0341995854845,0.0337875422859,0.0337875422859,0.0337875422859,0.0333754990873,0.0317273262929,0.0341995854845,0.0346116286832,0.0341995854845,0.0354357150804,0.0354357150804,0.0346116286832,0.0341995854845,0.0329634558887,0.0321393694915,0.0325514126901,0.0354357150804,0.0346116286832,0.0337875422859,0.0329634558887,0.0321393694915,0.0341995854845,0.0333754990873,0.0341995854845,0.0337875422859,0.0329634558887,0.0341995854845,0.0333754990873,0.0333754990873,0.0346116286832,0.0350236718818,0.035847758279,0.0362598014776,0.035847758279,0.0362598014776,0.0374959310734,0.0387320606692,0.0391441038678,0.0383200174706,0.0383200174706,0.0383200174706,0.0399681902651,0.037907974272,0.0370838878748,0.0391441038678,0.0391441038678,0.0399681902651,0.0412043198609,0.0403802334637,0.0440886222512,0.0440886222512,0.0436765790525,0.0416163630595,0.0424404494567,0.0416163630595,0.0420284062581,0.0436765790525,0.0420284062581,0.0420284062581,0.0412043198609,0.0412043198609,0.0403802334637,0.0399681902651,0.0395561470665,0.0416163630595,0.0420284062581,0.0436765790525,0.0436765790525,0.0440886222512,0.0445006654498,0.0440886222512,0.0440886222512,0.0432645358539,0.0436765790525,0.0440886222512,0.0449127086484,0.0457367950456,0.0457367950456,0.0461488382442,0.0461488382442,0.045324751847,0.0449127086484,0.0469729246414,0.0461488382442,0.04738496784,0.045324751847,0.0465608814428,0.0469729246414,0.0469729246414,0.0494451838331,0.0498572270317,0.0494451838331,0.0490331406345,0.0494451838331,0.0494451838331,0.0506813134289,0.0510933566275,0.0519174430247,0.0531535726206,0.0523294862233,0.0510933566275,0.0515053998261,0.0498572270317,0.0490331406345,0.0486210974359,0.0490331406345,0.0506813134289,0.0515053998261,0.0535656158192,0.056861961408,0.0572740046066,0.0589221774011,0.0576860478053,0.0585101342025,0.0601583069969,0.0638666957844,0.0667509981746,0.0679871277705,0.0655148685788,0.066338954976,0.0659269117774,0.0671630413733,0.0683991709691,0.0704593869621,0.0708714301607,0.0696353005649,0.0708714301607,0.0725196029552,0.0754039053454,0.0749918621468,0.0774641213385,0.0770520781399,0.0778761645371,0.0791122941329,0.0787002509343,0.0795243373315,0.0799363805301,0.0815845533246,0.0828206829204,0.0840568125162,0.0844688557148,0.0836447693176,0.0840568125162,0.083232726119,0.0824086397218,0.0815845533246,0.0819965965232,0.081172510126,0.0836447693176,0.0828206829204,0.0815845533246,0.0803484237287,0.0787002509343,0.0799363805301,0.0819965965232,0.0815845533246,0.0844688557148,0.0840568125162,0.0840568125162,0.0819965965232,0.0840568125162,0.0857049853107,0.0865290717079,0.0861170285093,0.0869411149065,0.0881772445023,0.0869411149065,0.0881772445023,0.0881772445023,0.0877652013037,0.0873531581051,0.0885892877009,0.0910615468926,0.0918856332898,0.0922976764884,0.0918856332898,0.0922976764884,0.0943578924814,0.0939458492828,0.0968301516731,0.0972421948717,0.0976542380703,0.0984783244675,0.0993024108648,0.0993024108648,0.100538540461,0.101362626858,0.102186713255,0.105483058844,0.105483058844,0.104246929248,0.105071015645,0.105071015645,0.105483058844,0.106307145241,0.10960349083,0.108367361234,0.107543274837,0.105895102042,0.108367361234,0.108367361234,0.10960349083,0.111251663624,0.111663706823,0.113723922816,0.117844354802,0.122376829987,0.126909305172,0.126085218774,0.126085218774,0.127733391569,0.131441780356,0.134738125945,0.13638629874,0.138034471534,0.138446514733,0.140918773924,0.140094687527,0.140506730726,0.140506730726,0.144215119513,0.14503920591,0.145451249109,0.147099421903,0.144627162712,0.146275335506,0.148335551499,0.150807810691,0.152455983485,0.155340285876,0.155340285876,0.155752329074,0.157812545067,0.158224588266,0.157400501869,0.156576415471,0.156576415471,0.159048674663,0.159460717862,0.161520933855,0.162757063451,0.161108890656,0.15987276106,0.158224588266,0.159460717862,0.159460717862,0.158636631464,0.159460717862,0.160696847457,0.165229322642,0.166465452238,0.166877495437,0.167701581834,0.172234057019,0.175118359409,0.178002661799,0.181299007388,0.180886964189,0.185007396175,0.185831482573,0.187479655367,0.18953987136,0.190776000956,0.194484389743,0.196956648935,0.199016864928,0.202313210517,0.206021599304,0.206433642503,0.208493858496,0.215498592872,0.216734722468,0.217146765667,0.218382895263,0.221679240852,0.22497558644,0.226211716036,0.228683975228,0.229920104824,0.234452580008,0.2369248392,0.238573011995,0.241045271186,0.242693443981,0.242281400782,0.241869357583,0.243105487179,0.244753659974,0.248050005563,0.246813875967,0.250110221556,0.252170437549,0.253818610343,0.260411301521,0.261235387918,0.264943776706,0.268652165493,0.26947625189,0.273596683876,0.276068943068,0.274420770274,0.273184640678,0.276893029465,0.278953245458,0.28142550465,0.282249591047,0.283485720643,0.283897763842,0.288018195828,0.288842282225,0.294610887005,0.292550671012,0.293786800608,